0.000 0.000 0.000 0.000 0.000 0.000 0.000 0.000 0.000 0.000 
--- Starting Matrix and QR Decomposition Tests ---

Matrix A (15 x 10)

0.423 0.366 0.615 0.016 0.481 0.200 0.111 0.567 0.083 0.696 
0.349 0.094 0.805 0.352 0.168 0.122 0.910 0.861 0.354 0.616 
0.700 0.781 0.874 0.846 0.376 0.668 0.703 0.754 0.054 0.034 
0.663 0.606 0.547 0.937 0.483 0.542 0.152 0.486 0.714 0.898 
0.526 0.008 0.639 0.786 0.427 0.547 0.658 0.249 0.882 0.419 
0.167 0.082 0.541 0.165 0.937 0.099 0.974 0.199 0.505 0.047 
0.173 0.373 0.307 0.390 0.458 0.645 0.191 0.257 0.589 0.583 
0.117 0.155 0.577 0.003 0.253 0.541 0.790 0.615 0.012 0.869 
0.529 0.202 0.078 0.509 0.405 0.431 0.066 0.648 0.137 0.307 
0.423 0.606 0.442 0.554 0.750 0.261 0.244 0.047 0.245 0.840 
0.508 0.311 0.698 0.029 0.533 0.032 0.033 0.650 0.852 0.388 
0.359 0.483 0.551 0.034 0.446 0.547 0.680 0.161 0.600 0.916 
0.727 0.612 0.202 0.537 0.397 0.111 0.689 0.748 0.131 0.421 
0.280 0.329 0.468 0.143 0.852 0.802 0.223 0.723 0.500 0.720 
0.710 0.652 0.910 0.900 0.838 0.145 0.100 0.313 0.320 0.116 


Matrix R (should be upper triangular)

1.879 1.559 2.003 1.836 1.819 1.272 1.396 1.802 1.387 1.698 
0.000 0.711 0.117 -0.004 0.310 0.329 -0.098 -0.126 -0.239 0.421 
0.000 0.000 1.127 -0.090 0.561 0.381 0.905 0.406 0.571 0.590 
0.000 0.000 0.000 0.907 -0.043 0.227 0.019 -0.409 0.034 -0.330 
0.000 0.000 0.000 0.000 1.021 0.243 0.086 -0.091 0.516 0.272 
0.000 0.000 0.000 0.000 0.000 1.029 0.304 0.444 0.296 0.772 
0.000 0.000 0.000 0.000 0.000 0.000 1.259 0.174 -0.159 0.100 
0.000 0.000 0.000 0.000 0.000 0.000 0.000 0.794 -0.348 -0.029 
0.000 0.000 0.000 0.000 0.000 0.000 0.000 0.000 0.867 0.350 
0.000 0.000 0.000 0.000 0.000 0.000 0.000 0.000 0.000 1.058 

R is upper triangular: True: PASSED

Matrix product of Q^T Q (Should be identity)

1.000 -0.000 0.000 0.000 0.000 -0.000 -0.000 -0.000 -0.000 0.000 
-0.000 1.000 -0.000 0.000 0.000 -0.000 -0.000 0.000 0.000 -0.000 
0.000 -0.000 1.000 0.000 -0.000 0.000 0.000 0.000 0.000 -0.000 
0.000 0.000 0.000 1.000 -0.000 0.000 -0.000 -0.000 -0.000 0.000 
0.000 0.000 -0.000 -0.000 1.000 0.000 0.000 -0.000 0.000 0.000 
-0.000 -0.000 0.000 0.000 0.000 1.000 0.000 0.000 0.000 0.000 
-0.000 -0.000 0.000 -0.000 0.000 0.000 1.000 -0.000 -0.000 -0.000 
-0.000 0.000 0.000 -0.000 -0.000 0.000 -0.000 1.000 0.000 -0.000 
-0.000 0.000 0.000 -0.000 0.000 0.000 -0.000 0.000 1.000 -0.000 
0.000 -0.000 -0.000 0.000 0.000 0.000 -0.000 -0.000 -0.000 1.000 

Q^T Q is identity: True: PASSED

Matrix QR (Should be equal to matrix A)

0.423 0.366 0.615 0.016 0.481 0.200 0.111 0.567 0.083 0.696 
0.349 0.094 0.805 0.352 0.168 0.122 0.910 0.861 0.354 0.616 
0.700 0.781 0.874 0.846 0.376 0.668 0.703 0.754 0.054 0.034 
0.663 0.606 0.547 0.937 0.483 0.542 0.152 0.486 0.714 0.898 
0.526 0.008 0.639 0.786 0.427 0.547 0.658 0.249 0.882 0.419 
0.167 0.082 0.541 0.165 0.937 0.099 0.974 0.199 0.505 0.047 
0.173 0.373 0.307 0.390 0.458 0.645 0.191 0.257 0.589 0.583 
0.117 0.155 0.577 0.003 0.253 0.541 0.790 0.615 0.012 0.869 
0.529 0.202 0.078 0.509 0.405 0.431 0.066 0.648 0.137 0.307 
0.423 0.606 0.442 0.554 0.750 0.261 0.244 0.047 0.245 0.840 
0.508 0.311 0.698 0.029 0.533 0.032 0.033 0.650 0.852 0.388 
0.359 0.483 0.551 0.034 0.446 0.547 0.680 0.161 0.600 0.916 
0.727 0.612 0.202 0.537 0.397 0.111 0.689 0.748 0.131 0.421 
0.280 0.329 0.468 0.143 0.852 0.802 0.223 0.723 0.500 0.720 
0.710 0.652 0.910 0.900 0.838 0.145 0.100 0.313 0.320 0.116 

QR is equal to A: True: PASSED

--- Testing QR::solve function ---

Vector b (15 x 1) created from A*x_true (To ensure a solution exists)
1.778 2.399 3.221 3.274 2.831 2.122 2.309 2.023 1.717 2.286 2.334 2.799 2.542 2.798 2.595 

Solution x (R*x should be equal to Q^T b)
0.488 0.964 0.345 0.313 0.420 0.693 0.682 0.530 0.949 0.297 

Check Q^T b (should be equal to R*x_solved):

R*x_solved:
9.059 0.848 2.409 0.154 1.177 1.666 0.829 0.081 0.926 0.315 

Q^T b:
9.059 0.848 2.409 0.154 1.177 1.666 0.829 0.081 0.926 0.315 
R*x_solved is equal to Q^T b: True: PASSED

Check A*x_solved (should be equal to b):

A*x_solved:
1.778 2.399 3.221 3.274 2.831 2.122 2.309 2.023 1.717 2.286 2.334 2.799 2.542 2.798 2.595 

b:
1.778 2.399 3.221 3.274 2.831 2.122 2.309 2.023 1.717 2.286 2.334 2.799 2.542 2.798 2.595 
A*x_solved is equal to b: True: PASSED

--- Testing QR::det and QR::inverse functions ---

Determinant of R: 1.316245
Determinant of R is non-singular: True: PASSED

Matrix C (10 x 10):

0.097 0.722 0.225 0.459 0.706 0.257 0.992 0.643 0.886 0.712 
0.530 0.628 0.120 0.499 0.821 0.888 0.190 0.664 0.409 0.754 
0.628 0.351 0.699 0.770 0.436 0.413 0.895 0.017 0.341 0.982 
0.630 0.597 0.446 0.361 0.789 0.229 0.228 0.089 0.338 0.186 
0.205 0.983 0.123 0.720 0.344 0.855 0.702 0.897 0.626 0.163 
0.961 0.899 0.951 0.614 0.442 0.373 0.461 0.493 0.342 0.606 
0.248 0.018 0.960 0.088 0.609 0.664 0.872 0.493 0.262 0.331 
0.390 0.994 0.954 0.540 0.619 0.199 0.360 0.893 0.601 0.374 
0.677 0.309 0.670 0.356 0.746 0.776 0.320 0.826 0.269 0.005 
0.873 0.513 0.365 0.564 0.073 0.566 0.288 0.931 0.958 0.242 


Inverse of C:

0.797 -0.362 -0.474 -0.136 -0.493 1.552 -0.562 -1.386 0.966 0.153 
-0.093 0.195 -1.001 0.501 0.692 1.219 0.413 -0.249 -1.209 -0.323 
-1.106 0.015 0.273 0.419 0.027 -0.633 0.976 1.134 -0.973 0.277 
-0.607 -0.546 2.073 -0.236 0.345 -1.854 -1.514 1.204 1.405 -0.158 
0.474 0.094 0.150 0.561 -0.414 -0.668 -0.437 0.183 0.946 -0.481 
-1.359 0.864 -0.182 0.749 0.851 -0.510 1.399 -0.086 -1.551 0.422 
1.232 -0.903 -0.212 -0.484 0.234 1.154 -0.157 -1.250 0.885 -0.496 
1.122 -0.185 -0.243 -1.804 -0.535 0.721 -1.030 -0.032 1.912 -0.380 
-0.652 0.244 0.026 1.452 -0.005 -1.549 1.038 0.680 -1.828 1.382 
0.234 0.915 0.057 -0.802 -0.598 0.463 0.109 0.082 -0.566 -0.042 


Check C * C_inv (should be close to identity):

1.000 0.000 0.000 0.000 -0.000 0.000 -0.000 0.000 0.000 -0.000 
0.000 1.000 0.000 -0.000 -0.000 0.000 0.000 0.000 0.000 0.000 
0.000 0.000 1.000 -0.000 0.000 -0.000 0.000 -0.000 -0.000 -0.000 
-0.000 -0.000 -0.000 1.000 -0.000 -0.000 0.000 -0.000 -0.000 -0.000 
0.000 -0.000 0.000 -0.000 1.000 -0.000 -0.000 0.000 0.000 -0.000 
0.000 0.000 -0.000 -0.000 -0.000 1.000 0.000 -0.000 0.000 0.000 
-0.000 0.000 0.000 -0.000 -0.000 0.000 1.000 -0.000 0.000 0.000 
0.000 0.000 0.000 -0.000 0.000 -0.000 -0.000 1.000 0.000 -0.000 
0.000 0.000 -0.000 -0.000 0.000 -0.000 0.000 -0.000 1.000 -0.000 
-0.000 0.000 -0.000 -0.000 -0.000 -0.000 0.000 -0.000 -0.000 1.000 

C * C_inv is close to identity: True: PASSED

--- Test Summary ---
All 7 checks PASSED successfully!
